{"producer":{"name":"Blender","version":"2.78 (sub 0)","exporter_version":"4.6.1","file":"SPIDBOT1.babylon"},
"autoClear":true,"clearColor":[0.0122,0.0122,0.0122],"ambientColor":[0,0,0],"gravity":[0,-9.81,0],
"materials":[{"name":"SPIDBOT1.GRIS","id":"SPIDBOT1.GRIS","ambient":[0.0871,0.082,0.0762],"diffuse":[0.0871,0.082,0.0762],"specular":[0.0423,0.0454,0.131],"emissive":[0,0,0],"specularPower":10,"alpha":1,"backFaceCulling":true,"checkReadyOnlyOnce":false},
{"name":"SPIDBOT1.AM","id":"SPIDBOT1.AM","ambient":[0.5382,0.1826,0],"diffuse":[0.5382,0.1826,0],"specular":[0.057,0.0612,0.1764],"emissive":[0.1938,0.0658,0],"specularPower":10,"alpha":1,"backFaceCulling":true,"checkReadyOnlyOnce":false},
{"name":"SPIDBOT1.LED","id":"SPIDBOT1.LED","ambient":[1,0,0.0681],"diffuse":[1,0,0.0681],"specular":[0.057,0.0612,0.1764],"emissive":[0.844,0,0.0575],"specularPower":10,"alpha":1,"backFaceCulling":true,"checkReadyOnlyOnce":false},
{"name":"SPIDBOT1.G2","id":"SPIDBOT1.G2","ambient":[0.2395,0.2255,0.2094],"diffuse":[0.2395,0.2255,0.2094],"specular":[0.0423,0.0454,0.131],"emissive":[0,0,0],"specularPower":10,"alpha":1,"backFaceCulling":true,"checkReadyOnlyOnce":false},
{"name":"SPIDBOT1.Material.004","id":"SPIDBOT1.Material.004","ambient":[0.8,0.8,0.8],"diffuse":[0.64,0.64,0.64],"specular":[0.5,0.5,0.5],"emissive":[0,0,0],"specularPower":50,"alpha":1,"backFaceCulling":true,"checkReadyOnlyOnce":false}],
"multiMaterials":[{"name":"SPIDBOT1.Multimaterial#0","id":"SPIDBOT1.Multimaterial#0","materials":["SPIDBOT1.GRIS","SPIDBOT1.AM","SPIDBOT1.LED","SPIDBOT1.G2"]}],
"skeletons":[{"name":"Armature.001","id":0,"dimensionsAtRest":[1.5184,3.1984,2.8929],"bones":[
{"name":"Bone","index":0,"matrix":[-0.0231,-0.9993,-0.0278,0,0.9902,-0.019,-0.1385,0,-0.1378,0.0307,-0.99,0,2.8833,1.1831,-2.4097,1],"rest":[0.0175,-0.9998,0,0,0.9998,0.0175,0,0,0,0,-1,0,2.8833,1.1831,-2.4097,1],"parentBoneIndex":-1,"length":1
,"animation":{"dataType":3,"framePerSecond":24,"keys":[
{"frame":1,"values":[0.0103,-0.9974,0.0716,0,0.9979,0.0148,0.0628,0,0.0637,-0.0708,-0.9955,0,2.8833,1.1831,-2.4097,1]},
{"frame":2,"values":[0.0268,-0.9965,0.0795,0,0.9981,0.0311,0.0529,0,0.0551,-0.078,-0.9954,0,2.8833,1.1831,-2.4097,1]},
{"frame":3,"values":[0.0705,-0.9925,0.0995,0,0.997,0.0731,0.0234,0,0.0305,-0.0975,-0.9948,0,2.8833,1.1831,-2.4097,1]},
{"frame":4,"values":[0.1149,-0.9864,0.1177,0,0.9934,0.114,-0.0143,0,-0.0007,-0.1185,-0.9929,0,2.8833,1.1831,-2.4097,1]},
{"frame":5,"values":[0.1328,-0.9834,0.1233,0,0.9908,0.1283,-0.0438,0,-0.0273,-0.128,-0.9914,0,2.8833,1.1831,-2.4097,1]},
{"frame":6,"values":[0.1207,-0.9863,0.1122,0,0.9912,0.1136,-0.0676,0,-0.0539,-0.1194,-0.9914,0,2.8833,1.1831,-2.4097,1]},
{"frame":7,"values":[0.0832,-0.9931,0.0826,0,0.9928,0.0755,-0.0929,0,-0.086,-0.0897,-0.9922,0,2.8833,1.1831,-2.4097,1]},
{"frame":8,"values":[0.033,-0.9986,0.0415,0,0.9928,0.028,-0.1163,0,-0.115,-0.045,-0.9923,0,2.8833,1.1831,-2.4097,1]},
{"frame":9,"values":[-0.0075,-1,0.0017,0,0.9911,-0.0077,-0.1326,0,-0.1326,-0.0007,-0.9912,0,2.8833,1.1831,-2.4097,1]},
{"frame":10,"values":[-0.0231,-0.9993,-0.0278,0,0.9902,-0.019,-0.1385,0,-0.1378,0.0307,-0.99,0,2.8833,1.1831,-2.4097,1]},
{"frame":11,"values":[-0.0127,-0.9986,-0.0522,0,0.9915,-0.0058,-0.1301,0,-0.1296,0.0534,-0.9901,0,2.8833,1.1831,-2.4097,1]},
{"frame":12,"values":[0.0202,-0.9969,-0.0766,0,0.9942,0.0281,-0.1036,0,-0.1055,0.0741,-0.9917,0,2.8833,1.1831,-2.4097,1]},
{"frame":13,"values":[0.0638,-0.9934,-0.0955,0,0.9954,0.0702,-0.0649,0,-0.0712,0.0909,-0.9933,0,2.8833,1.1831,-2.4097,1]},
{"frame":14,"values":[0.0986,-0.9895,-0.1053,0,0.9944,0.102,-0.027,0,-0.0374,0.102,-0.9941,0,2.8833,1.1831,-2.4097,1]},
{"frame":15,"values":[0.1117,-0.9879,-0.1072,0,0.9937,0.1124,0,0,-0.0121,0.1065,-0.9942,0,2.8833,1.1831,-2.4097,1]},
{"frame":16,"values":[0.104,-0.9904,-0.0905,0,0.9945,0.1027,0.0192,0,0.0097,0.092,-0.9957,0,2.8833,1.1831,-2.4097,1]},
{"frame":17,"values":[0.0793,-0.9958,-0.0454,0,0.9963,0.0777,0.0364,0,0.0327,0.0482,-0.9983,0,2.8833,1.1831,-2.4097,1]},
{"frame":18,"values":[0.0462,-0.9989,0.0118,0,0.9976,0.0468,0.0505,0,0.051,-0.0094,-0.9987,0,2.8833,1.1831,-2.4097,1]},
{"frame":19,"values":[0.0198,-0.9982,0.056,0,0.9979,0.0231,0.0598,0,0.061,-0.0547,-0.9966,0,2.8833,1.1831,-2.4097,1]},
{"frame":20,"values":[0.0103,-0.9974,0.0716,0,0.9979,0.0148,0.0628,0,0.0637,-0.0708,-0.9955,0,2.8833,1.1831,-2.4097,1]}],"loopBehavior":1,"name":"anim","property":"_matrix"}},
{"name":"Bone.003","index":1,"matrix":[-0.9996,0.0165,0.0218,0,0.0205,-0.0746,0.997,0,0.0181,0.9971,0.0742,0,0,1,0,1],"rest":[-1,0,-0.0004,0,-0.0004,-0.0232,0.9997,0,0,0.9998,0.0232,0,0,1,0,1],"parentBoneIndex":0,"length":1.151
,"animation":{"dataType":3,"framePerSecond":24,"keys":[
{"frame":1,"values":[-0.9758,-0.1987,0.0912,0,0.0594,0.1606,0.9852,0,-0.2105,0.9668,-0.1449,0,0,1,0,1]},
{"frame":2,"values":[-0.9775,-0.1917,0.088,0,0.0589,0.1524,0.9866,0,-0.2025,0.9696,-0.1376,0,0,1,0,1]},
{"frame":3,"values":[-0.9823,-0.1701,0.0787,0,0.0572,0.1275,0.9902,0,-0.1785,0.9771,-0.1155,0,0,1,0,1]},
{"frame":4,"values":[-0.9878,-0.1405,0.0669,0,0.054,0.0939,0.9941,0,-0.1459,0.9856,-0.0852,0,0,1,0,1]},
{"frame":5,"values":[-0.9919,-0.1133,0.0571,0,0.0501,0.0637,0.9967,0,-0.1166,0.9915,-0.0575,0,0,1,0,1]},
{"frame":6,"values":[-0.9952,-0.0849,0.0496,0,0.047,0.0326,0.9984,0,-0.0864,0.9959,-0.0285,0,0,1,0,1]},
{"frame":7,"values":[-0.9978,-0.0494,0.0437,0,0.044,-0.0056,0.999,0,-0.0491,0.9988,0.0077,0,0,1,0,1]},
{"frame":8,"values":[-0.9991,-0.015,0.0384,0,0.039,-0.0422,0.9983,0,-0.0134,0.999,0.0427,0,0,1,0,1]},
{"frame":9,"values":[-0.9995,0.0084,0.0317,0,0.031,-0.0666,0.9973,0,0.0105,0.9977,0.0663,0,0,1,0,1]},
{"frame":10,"values":[-0.9996,0.0165,0.0218,0,0.0205,-0.0746,0.997,0,0.0181,0.9971,0.0742,0,0,1,0,1]},
{"frame":11,"values":[-0.9999,0.0143,0.006,0,0.005,-0.0728,0.9973,0,0.0147,0.9972,0.0727,0,0,1,0,1]},
{"frame":12,"values":[-0.9998,0.0055,-0.0166,0,-0.0169,-0.0666,0.9976,0,0.0044,0.9978,0.0667,0,0,1,0,1]},
{"frame":13,"values":[-0.9991,-0.0105,-0.0401,0,-0.0395,-0.0546,0.9977,0,-0.0126,0.9985,0.0542,0,0,1,0,1]},
{"frame":14,"values":[-0.9979,-0.0317,-0.0567,0,-0.0555,-0.0373,0.9978,0,-0.0337,0.9988,0.0355,0,0,1,0,1]},
{"frame":15,"values":[-0.9966,-0.0546,-0.0622,0,-0.0614,-0.0165,0.998,0,-0.0556,0.9984,0.0131,0,0,1,0,1]},
{"frame":16,"values":[-0.9952,-0.0849,-0.0491,0,-0.0505,0.0145,0.9986,0,-0.0841,0.9963,-0.0187,0,0,1,0,1]},
{"frame":17,"values":[-0.992,-0.1258,-0.0114,0,-0.0192,0.0609,0.998,0,-0.1248,0.9902,-0.0628,0,0,1,0,1]},
{"frame":18,"values":[-0.9855,-0.1651,0.0381,0,0.0198,0.1113,0.9936,0,-0.1682,0.98,-0.1064,0,0,1,0,1]},
{"frame":19,"values":[-0.9786,-0.1906,0.0772,0,0.0491,0.148,0.9878,0,-0.1997,0.9704,-0.1355,0,0,1,0,1]},
{"frame":20,"values":[-0.9758,-0.1987,0.0912,0,0.0594,0.1606,0.9852,0,-0.2105,0.9668,-0.1449,0,0,1,0,1]}],"loopBehavior":1,"name":"anim","property":"_matrix"}},
{"name":"Bone.010","index":2,"matrix":[0.5025,0.8645,0.0133,0,-0.8642,0.5027,-0.0217,0,-0.0255,-0.0006,0.9997,0,0,1.151,0,1],"rest":[0.4604,0.8877,0.0112,0,-0.8877,0.4604,-0.0048,0,-0.0094,-0.0078,0.9999,0,0,1.151,0,1],"parentBoneIndex":1,"length":0.6164
,"animation":{"dataType":3,"framePerSecond":24,"keys":[
{"frame":1,"values":[0.6008,0.7926,-0.104,0,-0.7754,0.6094,0.1656,0,0.1946,-0.0189,0.9807,0,0,1.151,0,1]},
{"frame":2,"values":[0.598,0.7953,-0.0995,0,-0.7794,0.6059,0.1594,0,0.1871,-0.0178,0.9822,0,0,1.151,0,1]},
{"frame":3,"values":[0.5892,0.8034,-0.0863,0,-0.7911,0.5953,0.1406,0,0.1643,-0.0146,0.9863,0,0,1.151,0,1]},
{"frame":4,"values":[0.5767,0.814,-0.0687,0,-0.806,0.5807,0.1148,0,0.1334,-0.0108,0.991,0,0,1.151,0,1]},
{"frame":5,"values":[0.5649,0.8235,-0.0533,0,-0.8184,0.5673,0.0913,0,0.1054,-0.0079,0.9944,0,0,1.151,0,1]},
{"frame":6,"values":[0.5535,0.832,-0.0378,0,-0.8293,0.5548,0.0666,0,0.0763,-0.0055,0.9971,0,0,1.151,0,1]},
{"frame":7,"values":[0.5404,0.8412,-0.0192,0,-0.8404,0.5408,0.0356,0,0.0403,-0.0032,0.9992,0,0,1.151,0,1]},
{"frame":8,"values":[0.5264,0.8502,-0.0017,0,-0.8502,0.5264,0.0056,0,0.0057,-0.0015,1,0,0,1.151,0,1]},
{"frame":9,"values":[0.5134,0.8581,0.0097,0,-0.858,0.5135,-0.0149,0,-0.0178,-0.0007,0.9998,0,0,1.151,0,1]},
{"frame":10,"values":[0.5025,0.8645,0.0133,0,-0.8642,0.5027,-0.0217,0,-0.0255,-0.0006,0.9997,0,0,1.151,0,1]},
{"frame":11,"values":[0.4928,0.87,0.012,0,-0.8698,0.493,-0.0193,0,-0.0227,-0.0009,0.9997,0,0,1.151,0,1]},
{"frame":12,"values":[0.4839,0.8751,0.0081,0,-0.875,0.484,-0.0109,0,-0.0134,-0.0018,0.9999,0,0,1.151,0,1]},
{"frame":13,"values":[0.477,0.8789,0.0012,0,-0.8789,0.477,0.0038,0,0.0028,-0.0029,1,0,0,1.151,0,1]},
{"frame":14,"values":[0.4729,0.8811,-0.0079,0,-0.8808,0.4729,0.0225,0,0.0236,-0.0037,0.9997,0,0,1.151,0,1]},
{"frame":15,"values":[0.4713,0.8818,-0.018,0,-0.8808,0.4717,0.0422,0,0.0457,-0.004,0.9989,0,0,1.151,0,1]},
{"frame":16,"values":[0.4834,0.8748,-0.0324,0,-0.8722,0.4844,0.0678,0,0.075,-0.0045,0.9972,0,0,1.151,0,1]},
{"frame":17,"values":[0.5173,0.8541,-0.0542,0,-0.848,0.5201,0.1022,0,0.1154,-0.0069,0.9933,0,0,1.151,0,1]},
{"frame":18,"values":[0.5591,0.8254,-0.0788,0,-0.8142,0.5645,0.1359,0,0.1567,-0.0118,0.9876,0,0,1.151,0,1]},
{"frame":19,"values":[0.5901,0.8014,-0.0975,0,-0.7858,0.5979,0.1583,0,0.1851,-0.0168,0.9826,0,0,1.151,0,1]},
{"frame":20,"values":[0.6008,0.7926,-0.104,0,-0.7754,0.6094,0.1656,0,0.1946,-0.0189,0.9807,0,0,1.151,0,1]}],"loopBehavior":1,"name":"anim","property":"_matrix"}},
{"name":"Bone.012","index":3,"matrix":[0.7509,0.6604,-0.0051,0,-0.6604,0.7507,-0.018,0,-0.0081,0.0169,0.9998,0,0,0.6164,0,1],"rest":[0.7186,0.6954,-0.0049,0,-0.6954,0.7185,-0.0121,0,-0.0049,0.0121,0.9999,0,0,0.6164,0,1],"parentBoneIndex":2,"length":0.9913
,"animation":{"dataType":3,"framePerSecond":24,"keys":[
{"frame":1,"values":[0.8304,0.5569,-0.0181,0,-0.5511,0.8257,0.1206,0,0.0821,-0.0902,0.9925,0,0,0.6164,0,1]},
{"frame":2,"values":[0.8279,0.5606,-0.0173,0,-0.5553,0.8235,0.1159,0,0.0792,-0.0863,0.9931,0,0,0.6164,0,1]},
{"frame":3,"values":[0.8202,0.5719,-0.0152,0,-0.5678,0.8169,0.1014,0,0.0704,-0.0746,0.9947,0,0,0.6164,0,1]},
{"frame":4,"values":[0.8095,0.587,-0.0126,0,-0.5842,0.8075,0.0819,0,0.0582,-0.0589,0.9966,0,0,0.6164,0,1]},
{"frame":5,"values":[0.7997,0.6004,-0.0106,0,-0.5986,0.7985,0.0642,0,0.047,-0.045,0.9979,0,0,0.6164,0,1]},
{"frame":6,"values":[0.7905,0.6124,-0.0089,0,-0.6115,0.7899,0.0459,0,0.0351,-0.0309,0.9989,0,0,0.6164,0,1]},
{"frame":7,"values":[0.7803,0.6254,-0.0072,0,-0.6251,0.7802,0.0233,0,0.0202,-0.0137,0.9997,0,0,0.6164,0,1]},
{"frame":8,"values":[0.7697,0.6383,-0.006,0,-0.6383,0.7697,0.0015,0,0.0055,0.0027,1,0,0,0.6164,0,1]},
{"frame":9,"values":[0.7597,0.6502,-0.0053,0,-0.6502,0.7596,-0.0132,0,-0.0046,0.0135,0.9999,0,0,0.6164,0,1]},
{"frame":10,"values":[0.7509,0.6604,-0.0051,0,-0.6604,0.7507,-0.018,0,-0.0081,0.0169,0.9998,0,0,0.6164,0,1]},
{"frame":11,"values":[0.7421,0.6703,-0.0051,0,-0.6703,0.7419,-0.0162,0,-0.0071,0.0154,0.9999,0,0,0.6164,0,1]},
{"frame":12,"values":[0.7329,0.6804,-0.0051,0,-0.6804,0.7328,-0.01,0,-0.0031,0.0108,0.9999,0,0,0.6164,0,1]},
{"frame":13,"values":[0.7249,0.6888,-0.005,0,-0.6888,0.7249,0.0005,0,0.004,0.0031,1,0,0,0.6164,0,1]},
{"frame":14,"values":[0.7199,0.694,-0.005,0,-0.6939,0.7199,0.0139,0,0.0132,-0.0065,0.9999,0,0,0.6164,0,1]},
{"frame":15,"values":[0.7184,0.6956,-0.0049,0,-0.6953,0.7182,0.028,0,0.023,-0.0167,0.9996,0,0,0.6164,0,1]},
{"frame":16,"values":[0.7294,0.6841,-0.0055,0,-0.6832,0.7288,0.0463,0,0.0357,-0.0301,0.9989,0,0,0.6164,0,1]},
{"frame":17,"values":[0.7592,0.6508,-0.0079,0,-0.6487,0.7577,0.0716,0,0.0526,-0.0493,0.9974,0,0,0.6164,0,1]},
{"frame":18,"values":[0.7953,0.6061,-0.0122,0,-0.6023,0.7923,0.0972,0,0.0686,-0.0699,0.9952,0,0,0.6164,0,1]},
{"frame":19,"values":[0.8215,0.57,-0.0164,0,-0.5647,0.8173,0.1148,0,0.0788,-0.085,0.9933,0,0,0.6164,0,1]},
{"frame":20,"values":[0.8304,0.5569,-0.0181,0,-0.5511,0.8257,0.1206,0,0.0821,-0.0902,0.9925,0,0,0.6164,0,1]}],"loopBehavior":1,"name":"anim","property":"_matrix"}},
{"name":"Bone.004","index":4,"matrix":[-0.9863,-0.1525,-0.063,0,0.0416,0.1396,-0.9893,0,0.1597,-0.9784,-0.1314,0,0,1,0,1],"rest":[-0.9994,0.0349,-0.0003,0,-0.0003,-0.0156,-0.9999,0,-0.0349,-0.9993,0.0156,0,0,1,0,1],"parentBoneIndex":0,"length":1.1419
,"animation":{"dataType":3,"framePerSecond":24,"keys":[
{"frame":1,"values":[-0.9994,0.0349,-0.0003,0,-0.0003,-0.0156,-0.9999,0,-0.0349,-0.9993,0.0156,0,0,1,0,1]},
{"frame":2,"values":[-0.9994,0.0327,0.0103,0,-0.0108,-0.015,-0.9998,0,-0.0325,-0.9994,0.0153,0,0,1,0,1]},
{"frame":3,"values":[-0.999,0.0244,0.038,0,-0.0383,-0.0118,-0.9992,0,-0.024,-0.9996,0.0127,0,0,1,0,1]},
{"frame":4,"values":[-0.9978,0.0092,0.0656,0,-0.0657,-0.0045,-0.9978,0,-0.0089,-0.9999,0.005,0,0,1,0,1]},
{"frame":5,"values":[-0.997,-0.0105,0.0761,0,-0.0761,0.0069,-0.9971,0,0.01,-0.9999,-0.0077,0,0,1,0,1]},
{"frame":6,"values":[-0.9972,-0.0388,0.0641,0,-0.0652,0.0275,-0.9975,0,0.0369,-0.9989,-0.0299,0,0,1,0,1]},
{"frame":7,"values":[-0.9965,-0.0783,0.03,0,-0.0348,0.0616,-0.9975,0,0.0762,-0.995,-0.0641,0,0,1,0,1]},
{"frame":8,"values":[-0.9929,-0.1176,-0.0149,0,0.003,0.1004,-0.9949,0,0.1185,-0.988,-0.0994,0,0,1,0,1]},
{"frame":9,"values":[-0.9883,-0.1439,-0.0503,0,0.0316,0.1295,-0.9911,0,0.1492,-0.9811,-0.1234,0,0,1,0,1]},
{"frame":10,"values":[-0.9863,-0.1525,-0.063,0,0.0416,0.1396,-0.9893,0,0.1597,-0.9784,-0.1314,0,0,1,0,1]},
{"frame":11,"values":[-0.9871,-0.1478,-0.0623,0,0.0421,0.136,-0.9898,0,0.1547,-0.9796,-0.128,0,0,1,0,1]},
{"frame":12,"values":[-0.9893,-0.1331,-0.0601,0,0.0434,0.1247,-0.9912,0,0.1394,-0.9832,-0.1176,0,0,1,0,1]},
{"frame":13,"values":[-0.9923,-0.1107,-0.0562,0,0.0443,0.1072,-0.9932,0,0.116,-0.9881,-0.1015,0,0,1,0,1]},
{"frame":14,"values":[-0.9949,-0.0864,-0.0512,0,0.0435,0.0877,-0.9952,0,0.0905,-0.9924,-0.0835,0,0,1,0,1]},
{"frame":15,"values":[-0.9968,-0.0653,-0.0456,0,0.041,0.0703,-0.9967,0,0.0682,-0.9954,-0.0674,0,0,1,0,1]},
{"frame":16,"values":[-0.9984,-0.0431,-0.0372,0,0.035,0.0513,-0.9981,0,0.0449,-0.9978,-0.0497,0,0,1,0,1]},
{"frame":17,"values":[-0.9996,-0.0157,-0.0249,0,0.0245,0.0275,-0.9993,0,0.0164,-0.9995,-0.0271,0,0,1,0,1]},
{"frame":18,"values":[-0.9999,0.0109,-0.0122,0,0.0122,0.0047,-0.9999,0,-0.0108,-0.9999,-0.0048,0,0,1,0,1]},
{"frame":19,"values":[-0.9996,0.0289,-0.0033,0,0.003,-0.0106,-0.9999,0,-0.029,-0.9995,0.0105,0,0,1,0,1]},
{"frame":20,"values":[-0.9994,0.0349,-0.0003,0,-0.0003,-0.0156,-0.9999,0,-0.0349,-0.9993,0.0156,0,0,1,0,1]}],"loopBehavior":1,"name":"anim","property":"_matrix"}},
{"name":"Bone.006","index":5,"matrix":[-0.5671,-0.8197,-0.0801,0,-0.8004,0.5714,-0.1811,0,0.1942,-0.0386,-0.9802,0,0,1.1419,0,1],"rest":[-0.4668,-0.8841,0.0231,0,-0.8843,0.4664,-0.0227,0,0.0093,-0.0311,-0.9995,0,0,1.1419,0,1],"parentBoneIndex":4,"length":0.5546
,"animation":{"dataType":3,"framePerSecond":24,"keys":[
{"frame":1,"values":[-0.4668,-0.8841,0.0231,0,-0.8843,0.4664,-0.0227,0,0.0093,-0.0311,-0.9995,0,0,1.1419,0,1]},
{"frame":2,"values":[-0.4621,-0.8865,0.0229,0,-0.8868,0.4616,-0.0249,0,0.0115,-0.0318,-0.9994,0,0,1.1419,0,1]},
{"frame":3,"values":[-0.4496,-0.893,0.0212,0,-0.893,0.4489,-0.0329,0,0.0198,-0.0337,-0.9992,0,0,1.1419,0,1]},
{"frame":4,"values":[-0.437,-0.8993,0.0165,0,-0.8988,0.4359,-0.0466,0,0.0347,-0.0352,-0.9988,0,0,1.1419,0,1]},
{"frame":5,"values":[-0.4319,-0.9019,0.0088,0,-0.9004,0.4305,-0.0635,0,0.0535,-0.0353,-0.9979,0,0,1.1419,0,1]},
{"frame":6,"values":[-0.4444,-0.8958,-0.0049,0,-0.8922,0.4431,-0.0871,0,0.0802,-0.0343,-0.9962,0,0,1.1419,0,1]},
{"frame":7,"values":[-0.4798,-0.877,-0.0273,0,-0.8694,0.4794,-0.1198,0,0.1182,-0.0337,-0.9924,0,0,1.1419,0,1]},
{"frame":8,"values":[-0.5234,-0.8504,-0.0533,0,-0.8374,0.525,-0.1523,0,0.1575,-0.0351,-0.9869,0,0,1.1419,0,1]},
{"frame":9,"values":[-0.5559,-0.828,-0.0731,0,-0.8104,0.5594,-0.1741,0,0.185,-0.0375,-0.982,0,0,1.1419,0,1]},
{"frame":10,"values":[-0.5671,-0.8197,-0.0801,0,-0.8004,0.5714,-0.1811,0,0.1942,-0.0386,-0.9802,0,0,1.1419,0,1]},
{"frame":11,"values":[-0.5659,-0.8208,-0.0774,0,-0.8024,0.5699,-0.1772,0,0.1895,-0.0381,-0.9811,0,0,1.1419,0,1]},
{"frame":12,"values":[-0.5619,-0.8243,-0.0692,0,-0.8085,0.565,-0.1649,0,0.175,-0.0367,-0.9839,0,0,1.1419,0,1]},
{"frame":13,"values":[-0.5548,-0.83,-0.0567,0,-0.8178,0.5566,-0.1462,0,0.1529,-0.0347,-0.9876,0,0,1.1419,0,1]},
{"frame":14,"values":[-0.5456,-0.837,-0.0431,0,-0.8281,0.5463,-0.1257,0,0.1288,-0.0329,-0.9911,0,0,1.1419,0,1]},
{"frame":15,"values":[-0.5357,-0.8439,-0.0313,0,-0.8375,0.5356,-0.1079,0,0.1078,-0.0316,-0.9937,0,0,1.1419,0,1]},
{"frame":16,"values":[-0.5227,-0.8523,-0.0188,0,-0.8482,0.5221,-0.0891,0,0.0858,-0.0307,-0.9958,0,0,1.1419,0,1]},
{"frame":17,"values":[-0.5044,-0.8635,-0.0035,0,-0.8615,0.5035,-0.0659,0,0.0587,-0.0302,-0.9978,0,0,1.1419,0,1]},
{"frame":18,"values":[-0.4852,-0.8744,0.0107,0,-0.8738,0.4843,-0.0432,0,0.0326,-0.0303,-0.999,0,0,1.1419,0,1]},
{"frame":19,"values":[-0.4715,-0.8817,0.0201,0,-0.8818,0.4709,-0.0278,0,0.0151,-0.0308,-0.9994,0,0,1.1419,0,1]},
{"frame":20,"values":[-0.4668,-0.8841,0.0231,0,-0.8843,0.4664,-0.0227,0,0.0093,-0.0311,-0.9995,0,0,1.1419,0,1]}],"loopBehavior":1,"name":"anim","property":"_matrix"}},
{"name":"Bone.008","index":6,"matrix":[0.8093,-0.5874,0.0055,0,0.581,0.8019,0.1392,0,-0.0862,-0.1095,0.9902,0,0,0.5546,0,1],"rest":[0.7266,-0.6871,-0.0048,0,0.6871,0.7265,0.012,0,-0.0048,-0.012,0.9999,0,0,0.5546,0,1],"parentBoneIndex":5,"length":1.028
,"animation":{"dataType":3,"framePerSecond":24,"keys":[
{"frame":1,"values":[0.7266,-0.6871,-0.0048,0,0.6871,0.7265,0.012,0,-0.0048,-0.012,0.9999,0,0,0.5546,0,1]},
{"frame":2,"values":[0.7113,-0.7029,-0.0056,0,0.7029,0.7112,0.012,0,-0.0045,-0.0125,0.9999,0,0,0.5546,0,1]},
{"frame":3,"values":[0.6697,-0.7426,-0.0078,0,0.7426,0.6696,0.0129,0,-0.0044,-0.0144,0.9999,0,0,0.5546,0,1]},
{"frame":4,"values":[0.6259,-0.7799,-0.0102,0,0.7799,0.6257,0.0161,0,-0.0062,-0.0181,0.9998,0,0,0.5546,0,1]},
{"frame":5,"values":[0.6085,-0.7934,-0.0116,0,0.7935,0.6082,0.0222,0,-0.0106,-0.0227,0.9997,0,0,0.5546,0,1]},
{"frame":6,"values":[0.6287,-0.7776,-0.0118,0,0.7774,0.6279,0.038,0,-0.0221,-0.0331,0.9992,0,0,0.5546,0,1]},
{"frame":7,"values":[0.6833,-0.7301,-0.0099,0,0.7288,0.6812,0.0687,0,-0.0434,-0.0542,0.9976,0,0,0.5546,0,1]},
{"frame":8,"values":[0.7482,-0.6634,-0.0042,0,0.6602,0.7439,0.1043,0,-0.0661,-0.0808,0.9945,0,0,0.5546,0,1]},
{"frame":9,"values":[0.7941,-0.6078,0.0025,0,0.6023,0.7875,0.1303,0,-0.0812,-0.102,0.9915,0,0,0.5546,0,1]},
{"frame":10,"values":[0.8093,-0.5874,0.0055,0,0.581,0.8019,0.1392,0,-0.0862,-0.1095,0.9902,0,0,0.5546,0,1]},
{"frame":11,"values":[0.8082,-0.5889,0.0053,0,0.5828,0.8011,0.1359,0,-0.0843,-0.1068,0.9907,0,0,0.5546,0,1]},
{"frame":12,"values":[0.8046,-0.5938,0.0043,0,0.5887,0.7985,0.1258,0,-0.0781,-0.0987,0.992,0,0,0.5546,0,1]},
{"frame":13,"values":[0.7984,-0.6021,0.0028,0,0.5982,0.7937,0.1103,0,-0.0686,-0.0864,0.9939,0,0,0.5546,0,1]},
{"frame":14,"values":[0.7906,-0.6123,0.0012,0,0.6095,0.7872,0.0936,0,-0.0582,-0.0733,0.9956,0,0,0.5546,0,1]},
{"frame":15,"values":[0.7825,-0.6227,-0.0001,0,0.6207,0.78,0.0791,0,-0.0492,-0.062,0.9969,0,0,0.5546,0,1]},
{"frame":16,"values":[0.7719,-0.6358,-0.0015,0,0.6346,0.7702,0.064,0,-0.0396,-0.0504,0.9979,0,0,0.5546,0,1]},
{"frame":17,"values":[0.757,-0.6534,-0.003,0,0.6528,0.7561,0.0456,0,-0.0275,-0.0364,0.999,0,0,0.5546,0,1]},
{"frame":18,"values":[0.7414,-0.671,-0.0041,0,0.6708,0.7411,0.0278,0,-0.0157,-0.0234,0.9996,0,0,0.5546,0,1]},
{"frame":19,"values":[0.7304,-0.6831,-0.0046,0,0.683,0.7302,0.0159,0,-0.0075,-0.0148,0.9999,0,0,0.5546,0,1]},
{"frame":20,"values":[0.7266,-0.6871,-0.0048,0,0.6871,0.7265,0.012,0,-0.0048,-0.012,0.9999,0,0,0.5546,0,1]}],"loopBehavior":1,"name":"anim","property":"_matrix"}},
{"name":"Bone.013","index":7,"matrix":[-1,0.0013,0.0066,0,0.0066,0.3763,0.9265,0,-0.0013,0.9265,-0.3763,0,0,1,0,1],"rest":[-1,0.0013,0.0066,0,0.0066,0.3763,0.9265,0,-0.0013,0.9265,-0.3763,0,0,1,0,1],"parentBoneIndex":0,"length":0.4279
,"animation":{"dataType":3,"framePerSecond":24,"keys":[
{"frame":1,"values":[-1,0.0013,0.0066,0,0.0066,0.3763,0.9265,0,-0.0013,0.9265,-0.3763,0,0,1,0,1]},
{"frame":20,"values":[-1,0.0013,0.0066,0,0.0066,0.3763,0.9265,0,-0.0013,0.9265,-0.3763,0,0,1,0,1]}],"loopBehavior":1,"name":"anim","property":"_matrix"}},
{"name":"Bone.014","index":8,"matrix":[0.9998,0.0163,0.0113,0,-0.0163,0.3501,0.9366,0,0.0113,-0.9366,0.3503,0,0,0.4279,0,1],"rest":[0.9998,0.0163,0.0113,0,-0.0163,0.3501,0.9366,0,0.0113,-0.9366,0.3503,0,0,0.4279,0,1],"parentBoneIndex":7,"length":0.8799
,"animation":{"dataType":3,"framePerSecond":24,"keys":[
{"frame":1,"values":[0.9998,0.0163,0.0113,0,-0.0163,0.3501,0.9366,0,0.0113,-0.9366,0.3503,0,0,0.4279,0,1]},
{"frame":20,"values":[0.9998,0.0163,0.0113,0,-0.0163,0.3501,0.9366,0,0.0113,-0.9366,0.3503,0,0,0.4279,0,1]}],"loopBehavior":1,"name":"anim","property":"_matrix"}},
{"name":"Bone.015","index":9,"matrix":[0.9999,0.0116,0.0044,0,-0.0116,0.7495,0.6619,0,0.0044,-0.6619,0.7495,0,0,0.8799,0,1],"rest":[0.9999,0.0116,0.0044,0,-0.0116,0.7495,0.6619,0,0.0044,-0.6619,0.7495,0,0,0.8799,0,1],"parentBoneIndex":8,"length":0.39
,"animation":{"dataType":3,"framePerSecond":24,"keys":[
{"frame":1,"values":[0.9999,0.0116,0.0044,0,-0.0116,0.7495,0.6619,0,0.0044,-0.6619,0.7495,0,0,0.8799,0,1]},
{"frame":20,"values":[0.9999,0.0116,0.0044,0,-0.0116,0.7495,0.6619,0,0.0044,-0.6619,0.7495,0,0,0.8799,0,1]}],"loopBehavior":1,"name":"anim","property":"_matrix"}},
{"name":"Bone.016","index":10,"matrix":[-0.9994,0.0316,0.0102,0,0.0102,0.5842,-0.8115,0,-0.0316,-0.811,-0.5842,0,0,1,0,1],"rest":[-0.9994,0.0316,0.0102,0,0.0102,0.5842,-0.8115,0,-0.0316,-0.811,-0.5842,0,0,1,0,1],"parentBoneIndex":0,"length":0.3816
,"animation":{"dataType":3,"framePerSecond":24,"keys":[
{"frame":1,"values":[-0.9994,0.0316,0.0102,0,0.0102,0.5842,-0.8115,0,-0.0316,-0.811,-0.5842,0,0,1,0,1]},
{"frame":20,"values":[-0.9994,0.0316,0.0102,0,0.0102,0.5842,-0.8115,0,-0.0316,-0.811,-0.5842,0,0,1,0,1]}],"loopBehavior":1,"name":"anim","property":"_matrix"}},
{"name":"Bone.017","index":11,"matrix":[0.9999,-0.014,0.007,0,0.014,0.5962,-0.8027,0,0.007,0.8027,0.5963,0,0,0.3816,0,1],"rest":[0.9999,-0.014,0.007,0,0.014,0.5962,-0.8027,0,0.007,0.8027,0.5963,0,0,0.3816,0,1],"parentBoneIndex":10,"length":0.8425
,"animation":{"dataType":3,"framePerSecond":24,"keys":[
{"frame":1,"values":[0.9999,-0.014,0.007,0,0.014,0.5962,-0.8027,0,0.007,0.8027,0.5963,0,0,0.3816,0,1]},
{"frame":20,"values":[0.9999,-0.014,0.007,0,0.014,0.5962,-0.8027,0,0.007,0.8027,0.5963,0,0,0.3816,0,1]}],"loopBehavior":1,"name":"anim","property":"_matrix"}},
{"name":"Bone.018","index":12,"matrix":[0.9999,-0.0127,0.0055,0,0.0127,0.687,-0.7265,0,0.0055,0.7265,0.6871,0,0,0.8425,0,1],"rest":[0.9999,-0.0127,0.0055,0,0.0127,0.687,-0.7265,0,0.0055,0.7265,0.6871,0,0,0.8425,0,1],"parentBoneIndex":11,"length":0.3285
,"animation":{"dataType":3,"framePerSecond":24,"keys":[
{"frame":1,"values":[0.9999,-0.0127,0.0055,0,0.0127,0.687,-0.7265,0,0.0055,0.7265,0.6871,0,0,0.8425,0,1]},
{"frame":20,"values":[0.9999,-0.0127,0.0055,0,0.0127,0.687,-0.7265,0,0.0055,0.7265,0.6871,0,0,0.8425,0,1]}],"loopBehavior":1,"name":"anim","property":"_matrix"}},
{"name":"Bone.001","index":13,"matrix":[0.1953,0.9715,0.1343,0,-0.1598,-0.1036,0.9817,0,-0.9676,0.2131,-0.135,0,2.8833,1.1831,-2.4097,1],"rest":[0.0169,0.9997,-0.0168,0,0.0312,0.0163,0.9994,0,-0.9994,0.0175,0.0309,0,2.8833,1.1831,-2.4097,1],"parentBoneIndex":-1,"length":1.1454
,"animation":{"dataType":3,"framePerSecond":24,"keys":[
{"frame":1,"values":[0.0169,0.9997,-0.0168,0,0.0312,0.0163,0.9994,0,-0.9994,0.0175,0.0309,0,2.8833,1.1831,-2.4097,1]},
{"frame":2,"values":[0.0237,0.9996,-0.0121,0,0.0249,0.0115,0.9996,0,-0.9994,0.024,0.0246,0,2.8833,1.1831,-2.4097,1]},
{"frame":3,"values":[0.0438,0.999,0.0025,0,0.0057,-0.0027,1,0,-0.999,0.0437,0.0059,0,2.8833,1.1831,-2.4097,1]},
{"frame":4,"values":[0.0704,0.9973,0.0227,0,-0.0205,-0.0213,0.9996,0,-0.9973,0.0708,-0.019,0,2.8833,1.1831,-2.4097,1]},
{"frame":5,"values":[0.0939,0.9947,0.0415,0,-0.0446,-0.0374,0.9983,0,-0.9946,0.0956,-0.0408,0,2.8833,1.1831,-2.4097,1]},
{"frame":6,"values":[0.1176,0.9912,0.0614,0,-0.0698,-0.0534,0.9961,0,-0.9906,0.1214,-0.0629,0,2.8833,1.1831,-2.4097,1]},
{"frame":7,"values":[0.146,0.9855,0.0866,0,-0.1013,-0.0722,0.9922,0,-0.9841,0.1536,-0.0893,0,2.8833,1.1831,-2.4097,1]},
{"frame":8,"values":[0.1724,0.9787,0.1115,0,-0.132,-0.0892,0.9872,0,-0.9761,0.1849,-0.1138,0,2.8833,1.1831,-2.4097,1]},
{"frame":9,"values":[0.1897,0.9734,0.1286,0,-0.1529,-0.1001,0.9832,0,-0.9699,0.2062,-0.1299,0,2.8833,1.1831,-2.4097,1]},
{"frame":10,"values":[0.1953,0.9715,0.1343,0,-0.1598,-0.1036,0.9817,0,-0.9676,0.2131,-0.135,0,2.8833,1.1831,-2.4097,1]},
{"frame":11,"values":[0.1961,0.9756,0.0984,0,-0.1474,-0.0699,0.9866,0,-0.9695,0.2079,-0.1301,0,2.8833,1.1831,-2.4097,1]},
{"frame":12,"values":[0.1946,0.9809,-0.0038,0,-0.1107,0.0258,0.9935,0,-0.9746,0.1929,-0.1136,0,2.8833,1.1831,-2.4097,1]},
{"frame":13,"values":[0.1834,0.9736,-0.1356,0,-0.061,0.1489,0.987,0,-0.9811,0.1727,-0.0867,0,2.8833,1.1831,-2.4097,1]},
{"frame":14,"values":[0.1627,0.9579,-0.2367,0,-0.0178,0.2427,0.9699,0,-0.9865,0.1536,-0.0566,0,2.8833,1.1831,-2.4097,1]},
{"frame":15,"values":[0.1405,0.9518,-0.2728,0,0.0069,0.2746,0.9615,0,-0.9901,0.1369,-0.032,0,2.8833,1.1831,-2.4097,1]},
{"frame":16,"values":[0.1145,0.961,-0.2516,0,0.0187,0.2512,0.9678,0,-0.9932,0.1156,-0.0108,0,2.8833,1.1831,-2.4097,1]},
{"frame":17,"values":[0.0809,0.9787,-0.1885,0,0.0251,0.1871,0.982,0,-0.9964,0.0841,0.0094,0,2.8833,1.1831,-2.4097,1]},
{"frame":18,"values":[0.0475,0.9933,-0.1054,0,0.0285,0.1042,0.9942,0,-0.9985,0.0502,0.0234,0,2.8833,1.1831,-2.4097,1]},
{"frame":19,"values":[0.0245,0.9989,-0.0401,0,0.0305,0.0393,0.9988,0,-0.9992,0.0257,0.0295,0,2.8833,1.1831,-2.4097,1]},
{"frame":20,"values":[0.0169,0.9997,-0.0168,0,0.0312,0.0163,0.9994,0,-0.9994,0.0175,0.0309,0,2.8833,1.1831,-2.4097,1]}],"loopBehavior":1,"name":"anim","property":"_matrix"}},
{"name":"Bone.005","index":14,"matrix":[-0.4985,-0.8624,0.0881,0,-0.8473,0.5062,0.1606,0,-0.1832,0.0054,-0.9831,0,0,1.1454,0,1],"rest":[-0.4082,-0.9127,-0.0179,0,-0.9129,0.4083,-0.0027,0,0.0098,0.0152,-0.9998,0,0,1.1454,0,1],"parentBoneIndex":13,"length":0.5621
,"animation":{"dataType":3,"framePerSecond":24,"keys":[
{"frame":1,"values":[-0.4082,-0.9127,-0.0179,0,-0.9129,0.4083,-0.0027,0,0.0098,0.0152,-0.9998,0,0,1.1454,0,1]},
{"frame":2,"values":[-0.4117,-0.9112,-0.0145,0,-0.9113,0.4117,0.0032,0,0.0031,0.0145,-0.9999,0,0,1.1454,0,1]},
{"frame":3,"values":[-0.4223,-0.9064,-0.0041,0,-0.9063,0.4222,0.0209,0,-0.0173,0.0126,-0.9998,0,0,1.1454,0,1]},
{"frame":4,"values":[-0.4362,-0.8998,0.0103,0,-0.8987,0.4362,0.0447,0,-0.0447,0.0103,-0.9989,0,0,1.1454,0,1]},
{"frame":5,"values":[-0.4483,-0.8936,0.0235,0,-0.8912,0.4488,0.0659,0,-0.0694,0.0086,-0.9976,0,0,1.1454,0,1]},
{"frame":6,"values":[-0.4603,-0.887,0.0374,0,-0.8827,0.4617,0.0875,0,-0.0949,0.0073,-0.9955,0,0,1.1454,0,1]},
{"frame":7,"values":[-0.4745,-0.8785,0.055,0,-0.8712,0.4776,0.1138,0,-0.1263,0.0061,-0.992,0,0,1.1454,0,1]},
{"frame":8,"values":[-0.4874,-0.8702,0.0723,0,-0.859,0.4928,0.1387,0,-0.1563,0.0055,-0.9877,0,0,1.1454,0,1]},
{"frame":9,"values":[-0.4958,-0.8643,0.0842,0,-0.8503,0.5029,0.1553,0,-0.1765,0.0054,-0.9843,0,0,1.1454,0,1]},
{"frame":10,"values":[-0.4985,-0.8624,0.0881,0,-0.8473,0.5062,0.1606,0,-0.1832,0.0054,-0.9831,0,0,1.1454,0,1]},
{"frame":11,"values":[-0.4884,-0.8685,0.0846,0,-0.854,0.4956,0.1585,0,-0.1796,0.0052,-0.9837,0,0,1.1454,0,1]},
{"frame":12,"values":[-0.4594,-0.8851,0.074,0,-0.8721,0.4653,0.1512,0,-0.1683,0.0049,-0.9857,0,0,1.1454,0,1]},
{"frame":13,"values":[-0.4216,-0.9049,0.0589,0,-0.8943,0.4257,0.1382,0,-0.1501,0.0056,-0.9887,0,0,1.1454,0,1]},
{"frame":14,"values":[-0.3918,-0.919,0.044,0,-0.911,0.3942,0.1214,0,-0.1289,0.0074,-0.9916,0,0,1.1454,0,1]},
{"frame":15,"values":[-0.3818,-0.9237,0.0325,0,-0.9179,0.383,0.104,0,-0.1085,0.0098,-0.994,0,0,1.1454,0,1]},
{"frame":16,"values":[-0.3849,-0.9227,0.0214,0,-0.9191,0.3853,0.0824,0,-0.0843,0.0121,-0.9964,0,0,1.1454,0,1]},
{"frame":17,"values":[-0.3919,-0.92,0.0076,0,-0.9185,0.3917,0.0534,0,-0.0521,0.0139,-0.9985,0,0,1.1454,0,1]},
{"frame":18,"values":[-0.4,-0.9165,-0.0057,0,-0.9163,0.3998,0.0242,0,-0.0199,0.0149,-0.9997,0,0,1.1454,0,1]},
{"frame":19,"values":[-0.4061,-0.9137,-0.0149,0,-0.9138,0.406,0.004,0,0.0024,0.0152,-0.9999,0,0,1.1454,0,1]},
{"frame":20,"values":[-0.4082,-0.9127,-0.0179,0,-0.9129,0.4083,-0.0027,0,0.0098,0.0152,-0.9998,0,0,1.1454,0,1]}],"loopBehavior":1,"name":"anim","property":"_matrix"}},
{"name":"Bone.007","index":15,"matrix":[0.8359,-0.5486,-0.0166,0,0.5433,0.8314,-0.1164,0,0.0777,0.0883,0.9931,0,0,0.5621,0,1],"rest":[0.7588,-0.6513,-0.0042,0,0.6513,0.7587,0.0114,0,-0.0042,-0.0114,0.9999,0,0,0.5621,0,1],"parentBoneIndex":14,"length":1.028
,"animation":{"dataType":3,"framePerSecond":24,"keys":[
{"frame":1,"values":[0.7588,-0.6513,-0.0042,0,0.6513,0.7587,0.0114,0,-0.0042,-0.0114,0.9999,0,0,0.5621,0,1]},
{"frame":2,"values":[0.7617,-0.6479,-0.0044,0,0.6479,0.7617,0.0069,0,-0.0011,-0.0081,1,0,0,0.5621,0,1]},
{"frame":3,"values":[0.7705,-0.6375,-0.0049,0,0.6374,0.7705,-0.0067,0,0.0081,0.002,1,0,0,0.5621,0,1]},
{"frame":4,"values":[0.782,-0.6233,-0.006,0,0.623,0.7819,-0.0249,0,0.0202,0.0157,0.9997,0,0,0.5621,0,1]},
{"frame":5,"values":[0.7921,-0.6103,-0.0073,0,0.6096,0.7916,-0.0412,0,0.0309,0.0282,0.9991,0,0,0.5621,0,1]},
{"frame":6,"values":[0.8023,-0.5968,-0.0089,0,0.5954,0.8013,-0.0581,0,0.0418,0.0413,0.9983,0,0,0.5621,0,1]},
{"frame":7,"values":[0.8146,-0.5799,-0.0112,0,0.5774,0.8126,-0.0788,0,0.0548,0.0578,0.9968,0,0,0.5621,0,1]},
{"frame":8,"values":[0.826,-0.5635,-0.0139,0,0.5596,0.8228,-0.0987,0,0.067,0.0738,0.995,0,0,0.5621,0,1]},
{"frame":9,"values":[0.8335,-0.5523,-0.0159,0,0.5474,0.8293,-0.1121,0,0.0751,0.0847,0.9936,0,0,0.5621,0,1]},
{"frame":10,"values":[0.8359,-0.5486,-0.0166,0,0.5433,0.8314,-0.1164,0,0.0777,0.0883,0.9931,0,0,0.5621,0,1]},
{"frame":11,"values":[0.8258,-0.5637,-0.0148,0,0.5586,0.8214,-0.1148,0,0.0769,0.0865,0.9933,0,0,0.5621,0,1]},
{"frame":12,"values":[0.7959,-0.6054,-0.0101,0,0.6009,0.7918,-0.109,0,0.074,0.0807,0.994,0,0,0.5621,0,1]},
{"frame":13,"values":[0.7542,-0.6566,-0.0044,0,0.6531,0.7508,-0.0989,0,0.0682,0.0717,0.9951,0,0,0.5621,0,1]},
{"frame":14,"values":[0.7195,-0.6945,-0.0006,0,0.6919,0.7169,-0.0859,0,0.0601,0.0614,0.9963,0,0,0.5621,0,1]},
{"frame":15,"values":[0.7067,-0.7075,0.0002,0,0.7057,0.7048,-0.0727,0,0.0513,0.0515,0.9974,0,0,0.5621,0,1]},
{"frame":16,"values":[0.7115,-0.7027,-0.0007,0,0.7016,0.7104,-0.056,0,0.0399,0.0393,0.9984,0,0,0.5621,0,1]},
{"frame":17,"values":[0.7248,-0.6889,-0.0023,0,0.6885,0.7245,-0.0333,0,0.0246,0.0226,0.9994,0,0,0.5621,0,1]},
{"frame":18,"values":[0.7416,-0.6708,-0.0035,0,0.6708,0.7416,-0.0102,0,0.0094,0.0052,0.9999,0,0,0.5621,0,1]},
{"frame":19,"values":[0.7544,-0.6565,-0.0041,0,0.6565,0.7543,0.006,0,-0.0008,-0.0072,1,0,0,0.5621,0,1]},
{"frame":20,"values":[0.7588,-0.6513,-0.0042,0,0.6513,0.7587,0.0114,0,-0.0042,-0.0114,0.9999,0,0,0.5621,0,1]}],"loopBehavior":1,"name":"anim","property":"_matrix"}},
{"name":"Bone.002","index":16,"matrix":[-0.0674,0.9975,-0.0239,0,0.0941,-0.0175,-0.9954,0,0.9935,0.0691,0.0927,0,2.8833,1.1831,-2.4097,1],"rest":[-0.0179,0.9998,0.0124,0,0.0311,0.013,-0.9994,0,0.9996,0.0174,0.0313,0,2.8833,1.1831,-2.4097,1],"parentBoneIndex":-1,"length":1.1486
,"animation":{"dataType":3,"framePerSecond":24,"keys":[
{"frame":1,"values":[0.1615,0.9798,-0.1179,0,-0.1605,-0.0918,-0.9828,0,0.974,-0.1778,-0.1423,0,2.8833,1.1831,-2.4097,1]},
{"frame":2,"values":[0.1627,0.985,-0.058,0,-0.1458,-0.0341,-0.9887,0,0.9761,-0.1695,-0.138,0,2.8833,1.1831,-2.4097,1]},
{"frame":3,"values":[0.1584,0.9823,0.1003,0,-0.1041,0.1177,-0.9876,0,0.9821,-0.1462,-0.1208,0,2.8833,1.1831,-2.4097,1]},
{"frame":4,"values":[0.1382,0.9565,0.2568,0,-0.0556,0.2664,-0.9623,0,0.9891,-0.1188,-0.0899,0,2.8833,1.1831,-2.4097,1]},
{"frame":5,"values":[0.1091,0.9423,0.3165,0,-0.0228,0.3207,-0.9469,0,0.994,-0.0963,-0.0564,0,2.8833,1.1831,-2.4097,1]},
{"frame":6,"values":[0.0712,0.9535,0.2931,0,0.002,0.2937,-0.9559,0,0.9977,-0.0688,-0.019,0,2.8833,1.1831,-2.4097,1]},
{"frame":7,"values":[0.0208,0.9756,0.2185,0,0.0311,0.2178,-0.9755,0,0.9995,-0.0272,0.0258,0,2.8833,1.1831,-2.4097,1]},
{"frame":8,"values":[-0.0277,0.9931,0.1142,0,0.0618,0.1157,-0.9914,0,0.9979,0.0202,0.0645,0,2.8833,1.1831,-2.4097,1]},
{"frame":9,"values":[-0.0585,0.9981,0.0233,0,0.0852,0.0282,-0.996,0,0.9949,0.0561,0.0867,0,2.8833,1.1831,-2.4097,1]},
{"frame":10,"values":[-0.0674,0.9975,-0.0239,0,0.0941,-0.0175,-0.9954,0,0.9935,0.0691,0.0927,0,2.8833,1.1831,-2.4097,1]},
{"frame":11,"values":[-0.0596,0.9974,-0.0416,0,0.0878,-0.0363,-0.9955,0,0.9946,0.0628,0.0854,0,2.8833,1.1831,-2.4097,1]},
{"frame":12,"values":[-0.039,0.998,-0.0506,0,0.0664,-0.048,-0.9966,0,0.9973,0.042,0.0644,0,2.8833,1.1831,-2.4097,1]},
{"frame":13,"values":[-0.0086,0.9985,-0.0539,0,0.0335,-0.0536,-0.998,0,0.9996,0.0102,0.033,0,2.8833,1.1831,-2.4097,1]},
{"frame":14,"values":[0.0236,0.9981,-0.0571,0,-0.0016,-0.0571,-0.9984,0,1,-0.0238,-0.0002,0,2.8833,1.1831,-2.4097,1]},
{"frame":15,"values":[0.0505,0.9967,-0.0641,0,-0.0313,-0.0626,-0.9975,0,0.9985,-0.0525,-0.028,0,2.8833,1.1831,-2.4097,1]},
{"frame":16,"values":[0.0771,0.9942,-0.0755,0,-0.0612,-0.0709,-0.9956,0,0.9954,-0.0815,-0.0553,0,2.8833,1.1831,-2.4097,1]},
{"frame":17,"values":[0.1082,0.9901,-0.09,0,-0.0969,-0.0795,-0.9921,0,0.9896,-0.1162,-0.0873,0,2.8833,1.1831,-2.4097,1]},
{"frame":18,"values":[0.1368,0.9851,-0.1044,0,-0.1307,-0.0865,-0.9876,0,0.9822,-0.149,-0.1169,0,2.8833,1.1831,-2.4097,1]},
{"frame":19,"values":[0.1555,0.9812,-0.1145,0,-0.1532,-0.0906,-0.9841,0,0.9761,-0.1707,-0.1361,0,2.8833,1.1831,-2.4097,1]},
{"frame":20,"values":[0.1615,0.9798,-0.1179,0,-0.1605,-0.0918,-0.9828,0,0.974,-0.1778,-0.1423,0,2.8833,1.1831,-2.4097,1]}],"loopBehavior":1,"name":"anim","property":"_matrix"}},
{"name":"Bone.009","index":17,"matrix":[0.4698,0.8807,-0.0607,0,-0.8817,0.4715,0.0154,0,0.0422,0.0463,0.998,0,0,1.1486,0,1],"rest":[0.4496,0.8924,-0.0371,0,-0.8931,0.4488,-0.03,0,-0.0099,0.0467,0.9986,0,0,1.1486,0,1],"parentBoneIndex":16,"length":0.6164
,"animation":{"dataType":3,"framePerSecond":24,"keys":[
{"frame":1,"values":[0.5343,0.8421,0.0733,0,-0.8217,0.5378,-0.1887,0,-0.1983,0.0406,0.9793,0,0,1.1486,0,1]},
{"frame":2,"values":[0.4985,0.8646,0.0626,0,-0.8448,0.5007,-0.1886,0,-0.1944,0.0411,0.9801,0,0,1.1486,0,1]},
{"frame":3,"values":[0.4002,0.9158,0.0331,0,-0.8983,0.3992,-0.1835,0,-0.1812,0.0437,0.9825,0,0,1.1486,0,1]},
{"frame":4,"values":[0.297,0.9549,0.0004,0,-0.9414,0.2929,-0.1675,0,-0.16,0.0494,0.9859,0,0,1.1486,0,1]},
{"frame":5,"values":[0.2572,0.9662,-0.0191,0,-0.9568,0.2519,-0.1453,0,-0.1355,0.0557,0.9892,0,0,1.1486,0,1]},
{"frame":6,"values":[0.2743,0.9612,-0.03,0,-0.9562,0.2693,-0.1143,0,-0.1017,0.06,0.993,0,0,1.1486,0,1]},
{"frame":7,"values":[0.3212,0.9462,-0.0402,0,-0.9455,0.318,-0.0702,0,-0.0537,0.0606,0.9967,0,0,1.1486,0,1]},
{"frame":8,"values":[0.3835,0.9222,-0.0502,0,-0.9235,0.3827,-0.0251,0,-0.0039,0.056,0.9984,0,0,1.1486,0,1]},
{"frame":9,"values":[0.4378,0.8972,-0.058,0,-0.8985,0.4388,0.0059,0,0.0307,0.0495,0.9983,0,0,1.1486,0,1]},
{"frame":10,"values":[0.4698,0.8807,-0.0607,0,-0.8817,0.4715,0.0154,0,0.0422,0.0463,0.998,0,0,1.1486,0,1]},
{"frame":11,"values":[0.4862,0.872,-0.057,0,-0.8731,0.4874,0.0087,0,0.0354,0.0455,0.9983,0,0,1.1486,0,1]},
{"frame":12,"values":[0.4956,0.8674,-0.0458,0,-0.8684,0.4957,-0.0095,0,0.0145,0.0445,0.9989,0,0,1.1486,0,1]},
{"frame":13,"values":[0.4995,0.8658,-0.0289,0,-0.8661,0.4985,-0.0363,0,-0.017,0.0432,0.9989,0,0,1.1486,0,1]},
{"frame":14,"values":[0.5019,0.8648,-0.011,0,-0.8634,0.5003,-0.0647,0,-0.0505,0.042,0.9978,0,0,1.1486,0,1]},
{"frame":15,"values":[0.5066,0.8622,0.0044,0,-0.8586,0.5049,-0.0886,0,-0.0786,0.0411,0.9961,0,0,1.1486,0,1]},
{"frame":16,"values":[0.5139,0.8576,0.0201,0,-0.8512,0.5126,-0.1123,0,-0.1066,0.0406,0.9935,0,0,1.1486,0,1]},
{"frame":17,"values":[0.5219,0.8521,0.0391,0,-0.8415,0.5218,-0.1402,0,-0.1398,0.0403,0.9894,0,0,1.1486,0,1]},
{"frame":18,"values":[0.5288,0.8468,0.0572,0,-0.8313,0.5303,-0.1661,0,-0.171,0.0403,0.9844,0,0,1.1486,0,1]},
{"frame":19,"values":[0.533,0.8433,0.0693,0,-0.8241,0.536,-0.1832,0,-0.1916,0.0405,0.9806,0,0,1.1486,0,1]},
{"frame":20,"values":[0.5343,0.8421,0.0733,0,-0.8217,0.5378,-0.1887,0,-0.1983,0.0406,0.9793,0,0,1.1486,0,1]}],"loopBehavior":1,"name":"anim","property":"_matrix"}},
{"name":"Bone.011","index":18,"matrix":[0.7384,0.6744,-0.0056,0,-0.6742,0.7383,0.0196,0,0.0173,-0.0107,0.9998,0,0,0.6164,0,1],"rest":[0.7186,0.6954,-0.0049,0,-0.6954,0.7185,-0.0121,0,-0.0049,0.0121,0.9999,0,0,0.6164,0,1],"parentBoneIndex":17,"length":0.9913
,"animation":{"dataType":3,"framePerSecond":24,"keys":[
{"frame":1,"values":[0.801,0.5986,0.0098,0,-0.5924,0.7948,-0.1319,0,-0.0867,0.0998,0.9912,0,0,0.6164,0,1]},
{"frame":2,"values":[0.7989,0.6014,0.009,0,-0.5956,0.7932,-0.1266,0,-0.0833,0.0958,0.9919,0,0,0.6164,0,1]},
{"frame":3,"values":[0.7928,0.6095,0.0068,0,-0.6052,0.7883,-0.1109,0,-0.0729,0.0838,0.9938,0,0,0.6164,0,1]},
{"frame":4,"values":[0.7843,0.6204,0.004,0,-0.6177,0.7813,-0.0895,0,-0.0586,0.0677,0.996,0,0,0.6164,0,1]},
{"frame":5,"values":[0.7764,0.6302,0.0017,0,-0.6285,0.7746,-0.0702,0,-0.0456,0.0535,0.9975,0,0,0.6164,0,1]},
{"frame":6,"values":[0.7682,0.6402,-0.0004,0,-0.6394,0.7672,-0.0503,0,-0.0319,0.0389,0.9987,0,0,0.6164,0,1]},
{"frame":7,"values":[0.7579,0.6524,-0.0026,0,-0.6523,0.7576,-0.0256,0,-0.0147,0.0211,0.9997,0,0,0.6164,0,1]},
{"frame":8,"values":[0.7477,0.6641,-0.0043,0,-0.6641,0.7477,-0.0018,0,0.0021,0.0042,1,0,0,0.6164,0,1]},
{"frame":9,"values":[0.7407,0.6718,-0.0053,0,-0.6717,0.7407,0.0143,0,0.0135,-0.007,0.9999,0,0,0.6164,0,1]},
{"frame":10,"values":[0.7384,0.6744,-0.0056,0,-0.6742,0.7383,0.0196,0,0.0173,-0.0107,0.9998,0,0,0.6164,0,1]},
{"frame":11,"values":[0.7402,0.6723,-0.0054,0,-0.6722,0.7402,0.0153,0,0.0142,-0.0077,0.9999,0,0,0.6164,0,1]},
{"frame":12,"values":[0.746,0.6659,-0.0046,0,-0.6659,0.746,0.0021,0,0.0048,0.0015,1,0,0,0.6164,0,1]},
{"frame":13,"values":[0.7545,0.6562,-0.0032,0,-0.6562,0.7544,-0.0178,0,-0.0093,0.0155,0.9998,0,0,0.6164,0,1]},
{"frame":14,"values":[0.7635,0.6459,-0.0014,0,-0.6454,0.7628,-0.0388,0,-0.024,0.0306,0.9992,0,0,0.6164,0,1]},
{"frame":15,"values":[0.7708,0.6371,0.0002,0,-0.636,0.7696,-0.0565,0,-0.0362,0.0434,0.9984,0,0,0.6164,0,1]},
{"frame":16,"values":[0.778,0.6282,0.0021,0,-0.6264,0.776,-0.0741,0,-0.0482,0.0563,0.9972,0,0,0.6164,0,1]},
{"frame":17,"values":[0.7865,0.6176,0.0046,0,-0.6145,0.7832,-0.095,0,-0.0623,0.0719,0.9955,0,0,0.6164,0,1]},
{"frame":18,"values":[0.7942,0.6076,0.0073,0,-0.6029,0.7895,-0.1146,0,-0.0754,0.0867,0.9934,0,0,0.6164,0,1]},
{"frame":19,"values":[0.7993,0.6008,0.0092,0,-0.595,0.7935,-0.1276,0,-0.084,0.0966,0.9918,0,0,0.6164,0,1]},
{"frame":20,"values":[0.801,0.5986,0.0098,0,-0.5924,0.7948,-0.1319,0,-0.0867,0.0998,0.9912,0,0,0.6164,0,1]}],"loopBehavior":1,"name":"anim","property":"_matrix"}}]
,"ranges":[{"name":"Armature.001Action","from":0,"to":20}]}],
"meshes":[{"name":"Cube.001","id":"Cube.001","materialId":"SPIDBOT1.Multimaterial#0","billboardMode":0,"position":[1.0891,-1.1217,-1.2903],"rotation":[0,-1.5708,1.5533],"scaling":[1,1,1],"isVisible":true,"freezeWorldMatrix":false,"isEnabled":true,"checkCollisions":false,"receiveShadows":false,"skeletonId":0,"numBoneInfluencers":8
